68
0
68 32 347.694916 37 305.847838 35 226.233444 30 204.336518 42 137.409072 66 132.868516 4 79.294694 55 57.390375 13 51.647674 60 48.164649 19 41.423912 27 39.236180 57 38.055520 45 28.685792 59 26.643597 65 21.923208 56 21.426695 20 21.394403 64 17.960776 8 15.558485 12 12.796827 48 12.124154 3 9.137465 51 8.619010 21 6.186565 29 5.180863 15 3.260938 9 2.692142 36 2.354535 24 2.111018 17 1.939920 18 1.365326 14 0.711183 53 0.637409 44 0.301569 23 0.282139 28 0.092246 63 0.078699 58 0.043337 22 0.039859 39 0.022131 25 0.017602 16 0.014790 5 0.014624 38 0.014261 52 0.005279 6 0.004805 2 0.002657 49 0.001171 40 0.000847 11 0.000712 46 0.000629 50 0.000200 41 0.000091 26 0.000072 54 0.000016 1 0.000011 43 0.000004 10 0.000004 31 0.000002 67 0.000001 7 0.000001 61 0.000000 34 0.000000 47 0.000000 62 0.000000 33 0.000000 0 0.000000 
1
68 50 572.085054 67 546.228098 40 308.645210 26 290.767895 31 249.069251 34 246.333154 43 227.616349 10 212.301767 39 148.770434 58 136.314561 7 95.563663 49 84.659568 61 72.854772 41 54.274556 5 52.185506 46 44.588747 54 34.950907 6 23.630616 44 18.956063 9 11.334546 16 8.791362 62 8.461998 2 4.607713 47 4.569646 33 3.582017 63 1.238905 3 0.879106 38 0.745082 18 0.617612 11 0.477922 19 0.459832 22 0.402378 14 0.287917 36 0.144829 24 0.132251 45 0.125991 52 0.070263 17 0.026215 25 0.025102 56 0.021236 60 0.012208 59 0.011618 21 0.011070 66 0.010810 64 0.007099 65 0.003148 37 0.000289 35 0.000222 28 0.000169 30 0.000135 8 0.000113 55 0.000018 0 0.000011 32 0.000006 42 0.000001 4 0.000001 53 0.000000 20 0.000000 27 0.000000 51 0.000000 13 0.000000 57 0.000000 29 0.000000 48 0.000000 12 0.000000 15 0.000000 23 0.000000 1 0.000000 
2
68 49 559.794303 11 491.234146 52 390.884483 22 365.474850 26 179.915423 47 168.980417 25 117.583254 58 45.374218 39 28.741255 44 26.112218 40 23.661787 62 18.078748 43 17.534842 9 15.901857 28 15.262135 17 14.813381 50 11.629813 10 10.827230 1 4.607713 61 4.376528 67 1.360585 5 1.257274 19 1.232635 34 1.033101 3 0.784531 33 0.730243 45 0.631255 31 0.361552 53 0.255749 8 0.201549 66 0.125140 46 0.123051 64 0.122468 18 0.115763 6 0.111189 41 0.099477 7 0.099120 16 0.063477 60 0.040878 54 0.036064 63 0.029286 14 0.011930 29 0.009360 24 0.006183 37 0.005106 35 0.004485 55 0.004439 59 0.003139 0 0.002657 32 0.002486 30 0.001938 36 0.000987 38 0.000982 21 0.000465 12 0.000453 13 0.000160 65 0.000118 42 0.000045 57 0.000035 56 0.000027 4 0.000024 15 0.000014 20 0.000001 27 0.000000 48 0.000000 51 0.000000 23 0.000000 2 0.000000 
3
68 45 699.794590 18 636.660863 60 595.171009 44 408.508669 9 403.607867 19 390.974521 66 374.164928 14 364.316129 24 348.034924 63 267.194893 59 253.293302 36 199.232436 5 177.732109 21 153.784521 16 152.237828 37 139.416307 39 121.769459 30 111.798668 35 89.065118 58 84.272487 6 77.590853 65 74.853160 64 61.616237 38 59.977662 32 23.990230 46 22.504834 56 20.880434 50 12.711306 17 11.722993 0 9.137465 42 9.044570 4 7.089914 41 6.871788 22 6.270032 40 5.419398 8 4.817992 49 3.546718 54 2.775567 55 1.126705 26 0.950317 1 0.879106 20 0.796267 2 0.784531 67 0.549294 27 0.529945 28 0.444989 53 0.411663 25 0.375079 31 0.305239 10 0.214605 51 0.205990 7 0.181714 13 0.172121 29 0.131254 52 0.097963 11 0.069556 57 0.059309 43 0.037092 34 0.025855 12 0.023178 48 0.017171 61 0.007948 15 0.003138 23 0.000074 47 0.000034 62 0.000022 33 0.000000 3 0.000000 
4
68 20 506.059850 56 447.187161 42 444.112450 30 398.775542 51 310.434875 27 297.311659 65 280.652716 35 252.471581 37 248.140052 59 170.770893 21 108.430485 60 80.568995 0 79.294694 32 78.005912 66 52.132143 36 29.809707 24 22.728917 45 19.319031 19 16.264852 14 7.565048 13 7.504394 3 7.089914 18 6.300792 57 6.022819 55 4.689494 64 4.054633 8 1.140465 63 1.131884 12 0.766369 48 0.762216 15 0.600171 9 0.584216 29 0.257785 38 0.240408 23 0.190233 44 0.095384 17 0.069124 16 0.065498 53 0.026976 5 0.023950 6 0.008895 39 0.005513 58 0.003920 22 0.002845 28 0.001610 25 0.001154 46 0.000573 50 0.000108 49 0.000086 41 0.000057 2 0.000024 52 0.000019 40 0.000016 26 0.000010 54 0.000010 11 0.000001 1 0.000001 67 0.000000 43 0.000000 31 0.000000 7 0.000000 10 0.000000 34 0.000000 61 0.000000 47 0.000000 62 0.000000 33 0.000000 4 0.000000 
5
68 6 693.028975 16 673.430576 39 538.695954 46 530.244447 63 362.113291 50 343.228940 41 325.434693 44 304.355985 18 290.094813 58 289.996490 9 239.596099 54 189.939231 3 177.732109 14 164.982588 38 152.470278 40 120.910055 67 83.397404 24 74.310604 19 53.453823 31 52.769306 1 52.185506 7 39.145105 45 35.366894 36 33.777186 60 24.300567 26 18.024242 49 16.645632 10 14.791819 66 9.728360 21 8.831016 59 8.346259 43 2.692952 61 2.659623 34 2.571959 65 1.918253 2 1.257274 22 1.252520 30 1.141033 37 1.133283 35 0.865122 17 0.565989 64 0.391026 56 0.243147 11 0.158997 25 0.111322 52 0.089942 8 0.064095 32 0.038536 42 0.027402 28 0.026464 4 0.023950 0 0.014624 55 0.009617 62 0.004938 53 0.002262 47 0.001870 20 0.001585 27 0.000639 33 0.000306 51 0.000263 29 0.000198 13 0.000084 12 0.000031 57 0.000007 48 0.000004 15 0.000002 23 0.000000 5 0.000000 
6
68 46 751.935757 5 693.028975 16 670.834824 41 524.539534 63 497.096800 54 347.489118 38 334.355801 18 250.099882 14 204.110136 39 197.679659 50 162.685191 58 136.698999 9 96.857279 24 89.642067 44 87.342824 3 77.590853 67 61.566046 40 53.405686 31 48.783814 7 46.475175 36 42.075969 1 23.630616 19 17.857300 60 14.275236 45 11.430233 21 10.508471 59 7.178863 10 5.265830 26 3.015441 66 2.487076 49 2.469204 34 1.913332 65 1.400961 61 0.840544 43 0.506329 30 0.456972 37 0.399932 56 0.175308 35 0.173053 22 0.130929 2 0.111189 64 0.096750 17 0.052403 32 0.014763 11 0.011341 4 0.008895 25 0.007529 42 0.006582 0 0.004805 8 0.004752 52 0.003321 55 0.000974 28 0.000921 20 0.000544 27 0.000127 51 0.000093 62 0.000089 47 0.000051 29 0.000012 13 0.000009 12 0.000002 33 0.000001 57 0.000001 48 0.000000 53 0.000000 15 0.000000 6 0.000000 23 0.000000 
7
68 31 573.447825 67 424.031317 54 371.085624 41 290.527966 46 141.841072 10 131.772486 40 114.505546 50 105.528717 1 95.563663 61 69.309226 34 63.436886 6 46.475175 5 39.145105 58 19.354920 39 19.205541 16 15.953046 43 15.354441 26 10.234396 49 2.371661 44 2.230641 63 2.057285 9 2.052757 38 1.137165 18 0.630753 45 0.361167 14 0.227671 19 0.223729 3 0.181714 66 0.168942 33 0.139023 60 0.105901 2 0.099120 24 0.087976 62 0.083462 36 0.083204 37 0.068836 21 0.040899 8 0.025010 35 0.024951 47 0.023798 32 0.012320 11 0.012125 22 0.011807 55 0.004636 65 0.002400 52 0.001355 59 0.001136 13 0.000833 25 0.000577 17 0.000339 64 0.000263 30 0.000014 28 0.000010 56 0.000001 0 0.000001 4 0.000000 42 0.000000 29 0.000000 20 0.000000 48 0.000000 12 0.000000 51 0.000000 27 0.000000 53 0.000000 57 0.000000 15 0.000000 23 0.000000 7 0.000000 
8
68 53 387.664834 29 269.043314 55 237.814504 17 234.253645 64 187.757475 28 87.949174 66 57.390964 48 49.061320 13 41.025139 12 38.403390 45 36.976091 35 34.424440 19 31.039816 37 21.521232 0 15.558485 25 13.272662 22 13.214178 32 12.277670 57 6.514203 42 5.521835 30 5.464643 60 5.428552 3 4.817992 9 3.891180 52 2.392001 44 1.491435 59 1.301139 4 1.140465 58 1.115347 43 0.812590 26 0.777699 40 0.741346 11 0.682089 18 0.577764 27 0.423845 65 0.400439 47 0.298673 24 0.271499 15 0.261549 36 0.258958 10 0.256139 21 0.255976 56 0.240891 20 0.237349 2 0.201549 39 0.175917 14 0.153737 62 0.136909 49 0.104623 61 0.072891 5 0.064095 51 0.059078 63 0.051138 33 0.037498 7 0.025010 16 0.014211 50 0.010915 6 0.004752 23 0.002453 38 0.001935 31 0.001796 46 0.000983 41 0.000163 1 0.000113 67 0.000061 54 0.000035 34 0.000009 8 0.000000 
9
68 3 403.607867 44 376.520239 39 344.859955 58 327.311885 19 300.758471 45 252.929647 5 239.596099 18 221.326102 16 126.118801 60 115.656587 63 107.710570 66 101.911993 6 96.857279 14 96.274395 50 81.087828 24 67.361554 22 47.613859 46 44.519836 64 43.235223 49 42.327414 40 41.039173 59 29.561884 36 27.856346 37 27.039720 38 22.628143 17 20.386146 26 18.098256 21 17.484995 41 17.320657 2 15.901857 35 12.417285 30 11.993063 1 11.334546 54 7.773831 32 7.101659 67 6.336202 10 5.671537 65 4.536139 8 3.891180 43 3.519348 0 2.692142 31 2.400975 25 2.220056 61 2.122538 7 2.052757 52 1.804929 28 1.468087 56 1.147400 55 1.120867 53 0.779303 11 0.618768 4 0.584216 42 0.447239 13 0.333295 34 0.328508 20 0.101342 51 0.057566 27 0.049361 47 0.034531 29 0.028283 48 0.007339 62 0.006740 12 0.003793 57 0.001854 15 0.000281 33 0.000015 23 0.000000 9 0.000000 
10
68 61 331.837392 40 307.747407 43 261.522909 67 242.660450 1 212.301767 31 208.297890 34 186.532404 26 161.755215 7 131.772486 50 126.546256 49 38.389369 39 36.445954 58 35.682423 33 34.124934 62 29.830150 41 25.482823 54 23.484744 5 14.791819 46 14.292407 47 13.067426 2 10.827230 22 9.543318 44 6.833825 9 5.671537 6 5.265830 11 3.742024 52 2.720257 25 2.302266 16 2.122877 19 1.467984 17 1.349051 45 0.529716 66 0.379833 28 0.368650 18 0.312369 63 0.292252 8 0.256139 37 0.230510 38 0.223775 3 0.214605 53 0.102418 24 0.048808 35 0.045038 55 0.039394 36 0.038394 21 0.031338 14 0.031140 64 0.008476 13 0.004698 60 0.002873 59 0.000224 30 0.000011 0 0.000004 65 0.000003 32 0.000002 56 0.000000 29 0.000000 4 0.000000 42 0.000000 12 0.000000 20 0.000000 57 0.000000 51 0.000000 15 0.000000 27 0.000000 48 0.000000 23 0.000000 10 0.000000 
11
68 52 557.867748 2 491.234146 47 457.481814 25 239.768985 49 196.313262 62 144.739410 22 130.206331 28 99.013148 33 93.629008 26 61.785790 53 29.951189 29 8.044924 43 7.031753 17 4.951882 58 4.380313 48 4.338304 40 3.951407 12 3.916677 10 3.742024 39 2.693356 61 2.054727 44 1.595824 50 1.575878 15 1.105471 8 0.682089 9 0.618768 1 0.477922 19 0.289510 67 0.265101 34 0.250236 23 0.205980 5 0.158997 55 0.101857 31 0.072058 3 0.069556 45 0.067118 7 0.012125 6 0.011341 41 0.009474 64 0.009174 46 0.009018 42 0.008447 18 0.008401 66 0.007290 16 0.004575 54 0.002695 60 0.002648 63 0.002282 0 0.000712 37 0.000691 14 0.000642 24 0.000434 32 0.000427 35 0.000203 59 0.000158 30 0.000104 13 0.000049 38 0.000044 36 0.000023 21 0.000018 57 0.000010 65 0.000007 4 0.000001 56 0.000001 20 0.000000 27 0.000000 51 0.000000 11 0.000000 
12
68 29 235.406670 55 185.698412 13 173.628496 57 116.170434 15 107.419025 53 72.193047 23 56.496665 8 38.403390 28 34.651762 25 19.084792 0 12.796827 42 10.274349 35 8.320980 52 8.002197 32 4.430698 11 3.916677 64 2.510270 66 2.018572 27 1.759293 37 1.670222 47 1.409966 30 1.344445 4 0.766369 17 0.619581 45 0.421509 62 0.308117 19 0.281691 60 0.146848 20 0.140455 33 0.071929 51 0.062725 56 0.061571 59 0.048401 3 0.023178 65 0.020680 21 0.005892 9 0.003793 48 0.002683 44 0.002657 18 0.002383 22 0.002374 24 0.002099 36 0.001093 14 0.000705 2 0.000453 39 0.000124 63 0.000099 49 0.000095 58 0.000063 5 0.000031 16 0.000011 38 0.000003 50 0.000002 6 0.000002 40 0.000000 46 0.000000 41 0.000000 67 0.000000 34 0.000000 54 0.000000 10 0.000000 31 0.000000 26 0.000000 7 0.000000 61 0.000000 1 0.000000 43 0.000000 12 0.000000 
13
68 57 268.726116 55 260.955383 48 180.265357 12 173.628496 15 133.477160 29 101.692234 0 51.647674 42 45.151767 35 44.316761 8 41.025139 32 28.186970 37 21.365642 23 13.014837 66 12.472677 64 11.803047 27 11.318581 53 10.795503 30 8.659173 4 7.504394 19 4.078289 45 3.441473 20 3.350090 17 2.850979 51 1.781541 60 1.392579 28 1.015781 56 0.915396 59 0.718696 65 0.636326 21 0.414895 9 0.333295 25 0.204279 3 0.172121 22 0.158858 36 0.134346 58 0.117982 52 0.085264 24 0.056436 40 0.030396 49 0.028082 18 0.027351 26 0.021764 14 0.016645 43 0.012917 10 0.004698 44 0.003041 63 0.001658 54 0.000855 7 0.000833 61 0.000545 33 0.000489 2 0.000160 39 0.000134 16 0.000109 38 0.000089 5 0.000084 11 0.000049 6 0.000009 46 0.000001 50 0.000001 41 0.000000 67 0.000000 31 0.000000 34 0.000000 1 0.000000 47 0.000000 62 0.000000 13 0.000000 
14
68 24 832.254191 18 816.920501 63 815.019339 36 575.094759 21 500.278134 38 467.482516 16 419.540770 59 393.304559 3 364.316129 60 349.891092 6 204.110136 65 199.657717 5 164.982588 19 138.578089 45 121.201434 9 96.274395 66 84.138443 30 77.865215 46 62.614792 56 62.293364 44 55.270350 37 46.265219 35 31.278738 39 24.453092 41 22.354012 58 21.950255 54 10.416702 4 7.565048 42 5.662132 50 3.868598 32 2.879274 40 1.780489 20 1.405780 64 1.059875 0 0.711183 27 0.640278 51 0.513866 1 0.287917 31 0.228252 7 0.227671 17 0.226192 67 0.203487 49 0.161329 8 0.153737 55 0.096506 22 0.081686 26 0.054339 10 0.031140 13 0.016645 2 0.011930 34 0.009083 28 0.007286 25 0.007178 53 0.004569 43 0.004032 57 0.003778 61 0.001786 48 0.001661 29 0.001325 12 0.000705 11 0.000642 15 0.000166 52 0.000062 47 0.000000 23 0.000000 62 0.000000 33 0.000000 14 0.000000 
15
68 13 133.477160 57 121.304051 12 107.419025 48 100.142927 23 81.034256 29 63.520559 53 28.646826 55 19.331707 28 12.499886 42 8.698185 25 6.426997 27 4.792491 0 3.260938 52 2.710244 35 1.431656 32 1.243155 11 1.105471 4 0.600171 37 0.408292 47 0.327550 20 0.318825 30 0.302872 8 0.261549 51 0.136814 66 0.120778 62 0.063063 45 0.032372 56 0.029163 60 0.028590 17 0.025471 65 0.016463 59 0.015186 19 0.014431 64 0.011038 33 0.010988 21 0.003595 3 0.003138 24 0.000666 18 0.000476 36 0.000404 9 0.000281 44 0.000185 14 0.000166 63 0.000015 2 0.000014 39 0.000005 58 0.000002 49 0.000002 5 0.000002 16 0.000001 38 0.000000 6 0.000000 50 0.000000 22 0.000000 46 0.000000 40 0.000000 41 0.000000 67 0.000000 54 0.000000 34 0.000000 10 0.000000 31 0.000000 7 0.000000 61 0.000000 26 0.000000 43 0.000000 1 0.000000 15 0.000000 
16
68 63 739.358727 5 673.430576 6 670.834824 46 559.925762 38 489.764617 18 459.067568 14 419.540770 41 333.157625 24 220.577686 54 201.905267 39 161.759553 3 152.237828 9 126.118801 36 115.716013 58 106.923948 44 101.759756 50 85.331173 19 39.698264 60 38.855879 21 35.574703 40 29.063699 45 23.950478 59 23.912962 67 21.774270 31 17.835295 7 15.953046 1 8.791362 66 7.937703 65 6.416659 30 2.124434 10 2.122877 37 1.488517 49 1.449455 26 1.436349 56 1.038985 35 0.843211 34 0.624814 61 0.289187 43 0.165293 64 0.164430 22 0.122255 17 0.087877 4 0.065498 2 0.063477 32 0.053320 42 0.049533 0 0.014790 8 0.014211 25 0.008398 20 0.005463 11 0.004575 55 0.004323 27 0.001709 28 0.001695 51 0.001242 52 0.000424 62 0.000116 13 0.000109 29 0.000049 12 0.000011 57 0.000007 47 0.000007 48 0.000001 53 0.000001 15 0.000001 33 0.000000 23 0.000000 16 0.000000 
17
68 28 422.473550 22 283.817793 53 274.629849 25 238.858323 8 234.253645 64 145.052833 52 52.531462 19 43.718107 45 41.243792 66 29.689072 55 21.953808 44 21.800064 9 20.386146 29 18.517910 2 14.813381 3 11.722993 35 6.622784 37 5.587987 11 4.951882 49 3.989133 26 3.545604 58 3.476721 60 3.447622 39 3.001480 13 2.850979 43 2.731700 32 2.088488 0 1.939920 40 1.405344 10 1.349051 18 1.128227 48 1.085178 47 0.968655 30 0.942467 12 0.619581 5 0.565989 62 0.553239 59 0.477871 61 0.424301 50 0.284538 42 0.250922 57 0.241647 24 0.238185 14 0.226192 33 0.220626 63 0.141950 21 0.091856 16 0.087877 65 0.074120 4 0.069124 36 0.059377 6 0.052403 1 0.026215 15 0.025471 56 0.020430 46 0.018459 20 0.008532 67 0.006504 41 0.006096 27 0.005091 38 0.005061 34 0.002989 31 0.001706 54 0.001445 51 0.000847 7 0.000339 23 0.000227 17 0.000000 
18
68 14 816.920501 63 754.964357 24 733.372164 3 636.660863 60 467.879265 16 459.067568 36 445.131325 21 336.611721 59 334.814081 38 305.251604 5 290.094813 45 272.099827 19 252.914460 6 250.099882 9 221.326102 44 175.220099 66 154.436729 65 134.911375 30 83.381422 46 82.525784 39 75.082684 37 65.327975 58 60.776067 35 44.967680 56 38.415595 41 32.094308 54 14.706454 50 11.163728 40 6.373898 4 6.300792 42 6.045508 32 4.910671 64 4.559618 0 1.365326 17 1.128227 20 0.935370 49 0.853350 31 0.760227 67 0.703311 7 0.630753 1 0.617612 8 0.577764 22 0.561799 27 0.532154 10 0.312369 26 0.307280 51 0.279905 55 0.203656 2 0.115763 25 0.048328 28 0.032296 13 0.027351 34 0.024225 43 0.021958 61 0.014088 53 0.014025 57 0.008934 11 0.008401 52 0.008248 29 0.005290 12 0.002383 48 0.000532 15 0.000476 23 0.000031 62 0.000019 47 0.000000 33 0.000000 18 0.000000 
19
68 66 476.518845 45 461.774882 3 390.974521 60 383.216155 9 300.758471 18 252.914460 37 213.744584 44 204.711232 59 190.015842 35 168.291781 30 155.138768 24 150.104511 14 138.578089 64 123.430357 36 98.348015 21 96.982072 63 80.045978 32 75.047411 65 62.008759 5 53.453823 39 46.731665 17 43.718107 0 41.423912 16 39.698264 58 34.458426 8 31.039816 56 25.647170 22 19.284598 6 17.857300 4 16.264852 42 16.202607 38 15.951052 55 12.931386 40 5.682399 53 4.752594 46 4.115859 28 4.113012 13 4.078289 50 3.952732 49 2.988707 26 2.563614 20 2.513349 25 2.055546 10 1.467984 2 1.232635 27 1.078938 43 1.069472 29 0.997212 52 0.986828 41 0.954035 51 0.871839 54 0.587236 1 0.459832 11 0.289510 12 0.281691 48 0.269082 61 0.268052 57 0.249432 7 0.223729 31 0.156005 67 0.135495 47 0.128881 62 0.062785 34 0.043160 33 0.020377 15 0.014431 23 0.000066 19 0.000000 
20
68 4 506.059850 51 400.741769 27 393.562457 42 346.527308 56 265.983635 30 121.219890 65 112.215624 35 79.738699 37 71.630849 59 46.721514 21 30.328866 32 25.344500 0 21.394403 60 15.111945 66 9.068694 36 5.865773 24 4.540714 13 3.350090 57 2.701700 45 2.686783 19 2.513349 55 1.582334 14 1.405780 18 0.935370 3 0.796267 64 0.650523 23 0.371114 15 0.318825 8 0.237349 63 0.150457 12 0.140455 48 0.120779 9 0.101342 29 0.064920 38 0.029280 17 0.008532 44 0.006389 16 0.005463 53 0.002583 5 0.001585 6 0.000544 22 0.000350 39 0.000303 25 0.000129 28 0.000121 58 0.000098 46 0.000024 49 0.000006 50 0.000005 41 0.000002 2 0.000001 52 0.000001 26 0.000000 54 0.000000 40 0.000000 11 0.000000 1 0.000000 67 0.000000 43 0.000000 31 0.000000 7 0.000000 10 0.000000 34 0.000000 61 0.000000 47 0.000000 62 0.000000 33 0.000000 20 0.000000 
21
68 59 761.012589 24 724.544867 65 720.461898 36 616.574167 14 500.278134 60 459.778889 56 419.704554 30 350.556379 18 336.611721 37 200.972913 63 195.860173 3 153.784521 35 132.231654 66 124.363038 38 114.436650 4 108.430485 19 96.982072 45 90.428935 42 56.841002 16 35.574703 20 30.328866 9 17.484995 32 16.373989 51 14.366439 27 13.012949 6 10.508471 5 8.831016 44 6.507458 0 6.186565 64 2.645990 46 1.514887 58 1.505676 39 1.085490 13 0.414895 55 0.399112 41 0.324769 54 0.300382 8 0.255976 40 0.196365 49 0.116680 17 0.091856 50 0.088725 57 0.069084 26 0.063782 7 0.040899 10 0.031338 43 0.021941 31 0.017172 22 0.013554 48 0.012744 1 0.011070 61 0.006637 29 0.006158 12 0.005892 53 0.005267 67 0.005117 15 0.003595 28 0.002682 25 0.001512 34 0.000618 2 0.000465 11 0.000018 52 0.000000 23 0.000000 47 0.000000 62 0.000000 33 0.000000 21 0.000000 
22
68 25 404.732708 52 386.049023 2 365.474850 17 283.817793 28 181.315281 49 135.626843 11 130.206331 44 67.867908 9 47.613859 26 28.859570 58 28.047142 39 22.538482 19 19.284598 40 14.044562 53 13.845064 8 13.214178 47 9.746837 10 9.543318 64 9.506121 45 8.625389 43 8.348523 3 6.270032 61 4.465573 66 4.348412 50 2.791070 5 1.252520 37 1.071916 55 1.050812 35 0.703712 62 0.636849 33 0.591654 60 0.585288 18 0.561799 1 0.402378 29 0.163655 67 0.163453 13 0.158858 6 0.130929 16 0.122255 63 0.101467 34 0.089941 14 0.081686 46 0.067832 59 0.062565 24 0.059986 30 0.055093 31 0.054570 0 0.039859 41 0.037152 36 0.030491 32 0.019546 21 0.013554 54 0.011855 7 0.011807 42 0.010736 65 0.006813 57 0.005223 38 0.003807 48 0.002908 4 0.002845 12 0.002374 56 0.001169 20 0.000350 27 0.000065 51 0.000005 15 0.000000 23 0.000000 22 0.000000 
23
68 15 81.034256 48 56.650550 12 56.496665 29 42.368813 57 31.788618 53 17.911971 13 13.014837 27 7.375145 28 5.476897 42 3.161329 25 2.341875 52 0.639101 20 0.371114 55 0.326052 0 0.282139 11 0.205980 4 0.190233 35 0.106861 32 0.101587 30 0.070299 51 0.055815 47 0.051099 37 0.017400 62 0.008296 66 0.005277 56 0.004025 60 0.003816 45 0.002934 8 0.002453 33 0.001127 65 0.000715 64 0.000580 59 0.000246 17 0.000227 3 0.000074 19 0.000066 18 0.000031 36 0.000001 44 0.000000 24 0.000000 21 0.000000 9 0.000000 5 0.000000 14 0.000000 22 0.000000 38 0.000000 39 0.000000 58 0.000000 2 0.000000 49 0.000000 50 0.000000 40 0.000000 26 0.000000 67 0.000000 1 0.000000 10 0.000000 43 0.000000 34 0.000000 61 0.000000 63 0.000000 54 0.000000 31 0.000000 41 0.000000 7 0.000000 6 0.000000 46 0.000000 16 0.000000 23 0.000000 
24
68 14 832.254191 18 733.372164 21 724.544867 59 628.313532 63 622.214371 60 490.862657 36 408.360749 65 382.010443 3 348.034924 38 334.843251 16 220.577686 30 176.394024 56 150.314312 19 150.104511 45 140.764386 66 126.792671 37 101.943763 6 89.642067 5 74.310604 9 67.361554 35 63.449203 44 33.742297 4 22.728917 46 20.094395 42 15.482399 39 10.203207 58 9.225563 32 6.556777 41 6.126976 20 4.540714 54 2.752781 64 2.157618 27 2.141301 0 2.111018 51 1.738446 50 1.228413 40 0.636880 8 0.271499 17 0.238185 55 0.189302 1 0.132251 31 0.105779 49 0.088750 7 0.087976 67 0.064672 22 0.059986 13 0.056436 10 0.048808 57 0.017898 26 0.016600 53 0.010056 28 0.008840 29 0.006361 2 0.006183 25 0.006146 34 0.004665 48 0.004199 12 0.002099 43 0.000671 15 0.000666 52 0.000439 11 0.000434 61 0.000235 62 0.000000 23 0.000000 47 0.000000 33 0.000000 24 0.000000 
25
68 52 597.813714 28 579.924820 22 404.732708 11 239.768985 17 238.858323 53 160.397356 2 117.583254 47 107.765008 62 55.654409 29 39.343951 33 34.811700 48 25.181486 12 19.084792 49 14.985346 8 13.272662 15 6.426997 26 3.841577 43 3.254860 44 2.793655 23 2.341875 10 2.302266 9 2.220056 40 2.187677 64 2.152204 19 2.055546 58 1.366778 55 1.199720 39 1.127886 45 0.984744 61 0.925539 37 0.470621 3 0.375079 66 0.334909 35 0.221578 13 0.204279 50 0.171090 5 0.111322 60 0.067721 42 0.063687 18 0.048328 1 0.025102 0 0.017602 30 0.012566 16 0.008398 6 0.007529 59 0.007180 14 0.007178 63 0.007023 24 0.006146 32 0.005160 57 0.004716 46 0.003530 31 0.002932 41 0.001524 21 0.001512 4 0.001154 65 0.000908 36 0.000778 7 0.000577 67 0.000534 54 0.000466 38 0.000174 20 0.000129 56 0.000046 27 0.000010 51 0.000002 34 0.000002 25 0.000000 
26
68 49 568.005369 1 290.767895 43 267.797781 40 260.638880 50 226.598580 2 179.915423 10 161.755215 58 147.410460 39 134.264066 47 125.004392 67 77.265243 62 74.183286 61 73.645935 11 61.785790 34 43.400301 44 32.938309 22 28.859570 31 26.666452 9 18.098256 5 18.024242 52 11.741827 7 10.234396 33 9.555768 41 5.283674 46 5.123000 25 3.841577 17 3.545604 54 3.230078 6 3.015441 19 2.563614 16 1.436349 28 1.073872 3 0.950317 66 0.841496 8 0.777699 45 0.751288 37 0.335049 18 0.307280 53 0.226121 63 0.210307 55 0.123206 35 0.122486 21 0.063782 14 0.054339 64 0.034865 60 0.030118 13 0.021764 38 0.017186 24 0.016600 36 0.002530 59 0.002144 30 0.000728 32 0.000242 65 0.000155 29 0.000130 0 0.000072 42 0.000027 56 0.000011 4 0.000010 20 0.000000 57 0.000000 27 0.000000 51 0.000000 12 0.000000 48 0.000000 15 0.000000 23 0.000000 26 0.000000 
27
68 20 393.562457 51 342.434117 42 335.095186 4 297.311659 56 100.140817 30 82.504300 35 64.960908 37 57.799197 65 45.882695 0 39.236180 32 36.800153 59 24.281823 57 17.037146 21 13.012949 13 11.318581 60 10.205173 66 7.625702 23 7.375145 15 4.792491 55 3.417779 45 3.385065 48 2.671615 24 2.141301 36 1.979569 12 1.759293 64 1.728321 19 1.078938 14 0.640278 18 0.532154 3 0.529945 8 0.423845 29 0.351736 63 0.065202 9 0.049361 53 0.019737 44 0.006544 38 0.006356 17 0.005091 16 0.001709 5 0.000639 28 0.000622 39 0.000140 6 0.000127 22 0.000065 58 0.000014 25 0.000010 46 0.000003 49 0.000001 50 0.000001 2 0.000000 52 0.000000 41 0.000000 26 0.000000 54 0.000000 11 0.000000 1 0.000000 40 0.000000 67 0.000000 31 0.000000 43 0.000000 7 0.000000 34 0.000000 10 0.000000 61 0.000000 47 0.000000 62 0.000000 33 0.000000 27 0.000000 
28
68 25 579.924820 17 422.473550 53 396.517908 52 270.056257 22 181.315281 11 99.013148 8 87.949174 29 67.088041 47 59.035645 48 44.452280 12 34.651762 62 26.369159 2 15.262135 33 13.705067 15 12.499886 64 11.099767 55 5.718654 23 5.476897 19 4.113012 66 1.898960 45 1.847758 49 1.670639 43 1.542156 9 1.468087 44 1.424051 26 1.073872 13 1.015781 35 0.739842 37 0.665759 3 0.444989 10 0.368650 39 0.289360 40 0.243173 58 0.223792 61 0.156471 42 0.147206 60 0.094164 0 0.092246 57 0.048348 32 0.041039 18 0.032296 5 0.026464 30 0.018321 50 0.016492 59 0.010767 24 0.008840 14 0.007286 21 0.002682 63 0.002348 65 0.002242 16 0.001695 4 0.001610 36 0.001122 6 0.000921 67 0.000876 34 0.000660 46 0.000646 27 0.000622 56 0.000512 1 0.000169 20 0.000121 31 0.000093 38 0.000092 41 0.000085 51 0.000030 54 0.000019 7 0.000010 28 0.000000 
29
68 55 315.386919 48 284.428031 53 283.607173 8 269.043314 12 235.406670 13 101.692234 28 67.088041 15 63.520559 23 42.368813 25 39.343951 64 34.269549 57 24.876595 17 18.517910 52 15.499387 35 8.947956 11 8.044924 66 5.345464 0 5.180863 42 3.823287 47 3.229102 32 2.930834 37 2.497266 45 1.922181 30 1.052248 19 0.997212 62 0.946788 27 0.351736 60 0.343056 4 0.257785 33 0.241281 22 0.163655 3 0.131254 59 0.070780 20 0.064920 9 0.028283 56 0.024993 65 0.023956 51 0.021947 44 0.016248 2 0.009360 24 0.006361 21 0.006158 18 0.005290 49 0.002353 39 0.002093 14 0.001325 36 0.001194 58 0.000506 63 0.000270 5 0.000198 26 0.000130 16 0.000049 50 0.000033 6 0.000012 38 0.000006 40 0.000005 46 0.000001 67 0.000000 41 0.000000 34 0.000000 10 0.000000 54 0.000000 31 0.000000 61 0.000000 7 0.000000 1 0.000000 43 0.000000 29 0.000000 
30
68 37 688.191689 59 613.237557 60 556.553553 35 540.678815 65 534.138497 56 469.247940 4 398.775542 21 350.556379 42 348.631601 66 345.560015 32 242.678661 0 204.336518 45 196.594438 24 176.394024 36 161.188097 19 155.138768 20 121.219890 3 111.798668 18 83.381422 27 82.504300 14 77.865215 51 56.543408 64 34.356208 63 17.346673 9 11.993063 55 9.726704 13 8.659173 8 5.464643 57 5.147358 44 4.412978 38 3.910270 16 2.124434 48 1.653061 12 1.344445 5 1.141033 29 1.052248 17 0.942467 6 0.456972 39 0.387231 58 0.307523 15 0.302872 53 0.199727 23 0.070299 22 0.055093 46 0.046303 28 0.018321 25 0.012566 50 0.009406 41 0.006820 49 0.004711 40 0.002920 2 0.001938 54 0.001393 26 0.000728 52 0.000706 1 0.000135 11 0.000104 67 0.000087 31 0.000029 7 0.000014 43 0.000014 10 0.000011 34 0.000001 61 0.000000 47 0.000000 62 0.000000 33 0.000000 30 0.000000 
31
68 67 646.547321 7 573.447825 54 306.810901 41 295.304181 1 249.069251 50 225.778752 10 208.297890 40 196.529938 46 153.240297 34 149.387683 61 98.737661 5 52.769306 6 48.783814 39 39.152741 43 37.877906 58 37.215481 26 26.666452 16 17.835295 49 6.967937 44 4.742852 9 2.400975 63 2.026574 38 1.077657 18 0.760227 2 0.361552 33 0.342907 3 0.305239 62 0.301743 14 0.228252 19 0.156005 24 0.105779 60 0.081528 47 0.077982 11 0.072058 22 0.054570 66 0.052275 36 0.032565 45 0.026605 32 0.023441 21 0.017172 37 0.008382 35 0.007617 52 0.005094 25 0.002932 59 0.002396 8 0.001796 17 0.001706 64 0.000591 65 0.000514 55 0.000142 28 0.000093 30 0.000029 0 0.000002 56 0.000001 42 0.000000 4 0.000000 29 0.000000 20 0.000000 12 0.000000 13 0.000000 27 0.000000 53 0.000000 51 0.000000 57 0.000000 15 0.000000 48 0.000000 23 0.000000 31 0.000000 
32
68 37 365.293479 0 347.694916 30 242.678661 35 196.352658 66 176.656407 42 128.548309 60 110.330979 4 78.005912 19 75.047411 45 58.809477 59 53.187434 55 37.583782 27 36.800153 65 35.984606 64 33.990408 56 31.770575 13 28.186970 20 25.344500 3 23.990230 21 16.373989 57 14.573197 51 13.139730 8 12.277670 36 7.452275 9 7.101659 24 6.556777 48 5.755716 18 4.910671 12 4.430698 29 2.930834 14 2.879274 17 2.088488 15 1.243155 44 0.834012 58 0.487665 63 0.315711 53 0.162162 23 0.101587 40 0.091510 38 0.068108 16 0.053320 39 0.048654 28 0.041039 5 0.038536 54 0.031773 31 0.023441 22 0.019546 6 0.014763 7 0.012320 25 0.005160 2 0.002486 46 0.001903 49 0.001689 50 0.000670 11 0.000427 41 0.000284 26 0.000242 52 0.000021 1 0.000006 67 0.000002 10 0.000002 43 0.000002 34 0.000001 61 0.000000 47 0.000000 62 0.000000 33 0.000000 32 0.000000 
33
68 62 219.335901 47 151.677871 11 93.629008 43 73.948682 52 58.239978 61 50.363431 25 34.811700 10 34.124934 28 13.705067 34 12.201957 26 9.555768 1 3.582017 53 1.990632 40 1.900540 49 1.826443 67 0.977694 2 0.730243 22 0.591654 50 0.466698 31 0.342907 29 0.241281 17 0.220626 7 0.139023 48 0.082756 12 0.071929 39 0.054597 8 0.037498 58 0.026726 19 0.020377 15 0.010988 55 0.008628 37 0.008240 44 0.004123 35 0.002356 54 0.001954 41 0.001758 23 0.001127 13 0.000489 46 0.000471 5 0.000306 9 0.000015 6 0.000001 64 0.000001 16 0.000000 3 0.000000 45 0.000000 18 0.000000 38 0.000000 63 0.000000 60 0.000000 66 0.000000 14 0.000000 24 0.000000 32 0.000000 36 0.000000 30 0.000000 59 0.000000 0 0.000000 65 0.000000 21 0.000000 56 0.000000 42 0.000000 4 0.000000 57 0.000000 27 0.000000 20 0.000000 51 0.000000 33 0.000000 
34
68 1 246.333154 67 236.308793 10 186.532404 61 172.292095 43 163.445199 31 149.387683 40 132.964717 7 63.436886 50 58.260323 26 43.400301 58 15.552872 33 12.201957 41 9.914309 49 8.577293 54 7.503715 62 7.041479 39 5.853038 46 5.173420 5 2.571959 6 1.913332 47 1.445718 2 1.033101 44 0.846046 16 0.624814 9 0.328508 11 0.250236 22 0.089941 63 0.044668 19 0.043160 38 0.043028 3 0.025855 18 0.024225 14 0.009083 24 0.004665 36 0.004664 17 0.002989 45 0.002080 59 0.000667 28 0.000660 21 0.000618 52 0.000318 66 0.000155 65 0.000133 60 0.000129 8 0.000009 37 0.000002 25 0.000002 32 0.000001 35 0.000001 30 0.000001 0 0.000000 55 0.000000 29 0.000000 56 0.000000 64 0.000000 12 0.000000 42 0.000000 4 0.000000 13 0.000000 57 0.000000 15 0.000000 20 0.000000 27 0.000000 51 0.000000 53 0.000000 48 0.000000 23 0.000000 34 0.000000 
35
68 30 540.678815 66 433.642861 42 350.768283 37 344.574189 60 329.675380 59 271.053162 4 252.471581 0 226.233444 65 211.431679 45 210.751580 32 196.352658 56 183.793507 19 168.291781 21 132.231654 64 90.631848 3 89.065118 20 79.738699 27 64.960908 55 63.923567 24 63.449203 36 50.972431 18 44.967680 13 44.316761 51 36.358086 8 34.424440 14 31.278738 57 18.177185 9 12.417285 48 11.239944 29 8.947956 12 8.320980 63 6.713427 17 6.622784 44 5.705447 53 3.063063 58 1.439466 15 1.431656 38 0.975199 5 0.865122 16 0.843211 28 0.739842 22 0.703712 39 0.403810 40 0.345721 25 0.221578 6 0.173053 26 0.122486 23 0.106861 52 0.096678 43 0.074831 49 0.074016 54 0.050965 10 0.045038 7 0.024951 46 0.014363 50 0.011239 61 0.007941 31 0.007617 2 0.004485 33 0.002356 41 0.001864 1 0.000222 11 0.000203 67 0.000102 34 0.000001 47 0.000000 62 0.000000 35 0.000000 
36
68 21 616.574167 14 575.094759 59 560.241120 18 445.131325 65 438.797482 24 408.360749 63 361.230264 60 351.575880 38 272.946605 3 199.232436 56 194.436500 30 161.188097 16 115.716013 19 98.348015 37 84.498635 66 84.350196 45 75.622344 35 50.972431 6 42.075969 5 33.777186 4 29.809707 9 27.856346 42 14.704591 44 14.329783 32 7.452275 46 7.322343 20 5.865773 39 3.854827 58 2.684347 51 2.433675 0 2.354535 27 1.979569 41 1.901382 64 1.798540 54 0.969098 50 0.461647 8 0.258958 40 0.247689 55 0.237692 1 0.144829 13 0.134346 7 0.083204 17 0.059377 67 0.058126 10 0.038394 49 0.037980 31 0.032565 22 0.030491 43 0.020449 57 0.013651 61 0.009617 34 0.004664 26 0.002530 48 0.001903 53 0.001471 29 0.001194 28 0.001122 12 0.001093 2 0.000987 25 0.000778 15 0.000404 11 0.000023 23 0.000001 52 0.000001 62 0.000000 47 0.000000 33 0.000000 36 0.000000 
37
68 30 688.191689 60 550.575972 66 474.784537 59 441.234721 32 365.293479 35 344.574189 0 305.847838 65 302.335430 45 299.498585 42 277.757445 4 248.140052 56 241.145613 19 213.744584 21 200.972913 3 139.416307 24 101.943763 36 84.498635 64 81.508428 20 71.630849 18 65.327975 27 57.799197 14 46.265219 51 32.143261 55 32.060052 9 27.039720 8 21.521232 13 21.365642 63 9.557445 44 6.431670 57 5.910984 17 5.587987 58 3.104480 48 2.760296 29 2.497266 12 1.670222 38 1.643174 16 1.488517 53 1.232372 5 1.133283 40 1.093617 22 1.071916 28 0.665759 39 0.529492 25 0.470621 15 0.408292 6 0.399932 26 0.335049 43 0.324040 52 0.274989 10 0.230510 49 0.209971 7 0.068836 54 0.062549 46 0.053349 61 0.039432 23 0.017400 50 0.012908 41 0.009907 31 0.008382 33 0.008240 2 0.005106 11 0.000691 1 0.000289 67 0.000112 34 0.000002 47 0.000000 62 0.000000 37 0.000000 
38
68 63 588.160139 16 489.764617 14 467.482516 24 334.843251 6 334.355801 18 305.251604 36 272.946605 5 152.470278 46 151.959115 21 114.436650 41 67.847880 3 59.977662 59 53.475907 54 45.164656 60 36.583116 65 26.912756 9 22.628143 19 15.951052 39 12.066722 44 10.799457 58 9.668269 45 6.567526 56 5.951626 50 5.404463 66 4.310656 30 3.910270 37 1.643174 40 1.595752 67 1.211232 7 1.137165 31 1.077657 35 0.975199 1 0.745082 4 0.240408 10 0.223775 42 0.111435 32 0.068108 61 0.066040 49 0.043158 34 0.043028 20 0.029280 64 0.023763 26 0.017186 0 0.014261 51 0.009888 27 0.006356 17 0.005061 22 0.003807 8 0.001935 43 0.001062 55 0.001056 2 0.000982 25 0.000174 28 0.000092 13 0.000089 11 0.000044 53 0.000037 48 0.000007 57 0.000006 29 0.000006 12 0.000003 52 0.000002 15 0.000000 62 0.000000 47 0.000000 33 0.000000 23 0.000000 38 0.000000 
39
68 44 660.284794 50 600.790728 5 538.695954 58 397.747426 9 344.859955 40 218.036231 6 197.679659 49 183.781313 16 161.759553 46 153.734787 1 148.770434 26 134.264066 3 121.769459 67 98.528183 41 94.644059 18 75.082684 63 57.574585 19 46.731665 54 46.288244 31 39.152741 10 36.445954 45 35.374474 2 28.741255 14 24.453092 22 22.538482 7 19.205541 43 14.906321 38 12.066722 24 10.203207 60 9.429544 66 7.391404 61 7.279390 34 5.853038 36 3.854827 17 3.001480 11 2.693356 64 2.659265 59 1.616225 52 1.534582 25 1.127886 21 1.085490 47 0.713263 37 0.529492 35 0.403810 30 0.387231 28 0.289360 62 0.274848 65 0.235340 8 0.175917 33 0.054597 32 0.048654 56 0.030255 53 0.027779 0 0.022131 55 0.017641 42 0.010687 4 0.005513 29 0.002093 20 0.000303 27 0.000140 13 0.000134 12 0.000124 48 0.000039 57 0.000032 51 0.000028 15 0.000005 23 0.000000 39 0.000000 
40
68 50 320.965984 1 308.645210 10 307.747407 67 284.802332 58 271.528097 26 260.638880 39 218.036231 31 196.529938 43 181.038032 34 132.964717 5 120.910055 49 117.711307 7 114.505546 41 106.313345 61 101.436334 46 91.059201 54 74.398547 44 71.296014 6 53.405686 9 41.039173 16 29.063699 2 23.661787 22 14.044562 62 8.177799 47 7.768065 63 7.116281 18 6.373898 19 5.682399 3 5.419398 11 3.951407 45 3.650830 52 2.736161 25 2.187677 33 1.900540 66 1.871762 14 1.780489 38 1.595752 17 1.405344 37 1.093617 8 0.741346 60 0.687335 24 0.636880 35 0.345721 64 0.305911 36 0.247689 28 0.243173 55 0.212424 21 0.196365 53 0.095964 32 0.091510 13 0.030396 59 0.029961 30 0.002920 65 0.001205 0 0.000847 56 0.000048 4 0.000016 29 0.000005 42 0.000005 48 0.000001 12 0.000000 20 0.000000 57 0.000000 51 0.000000 27 0.000000 15 0.000000 23 0.000000 40 0.000000 
41
68 46 637.675877 6 524.539534 54 403.254253 16 333.157625 5 325.434693 31 295.304181 7 290.527966 67 240.082459 50 198.846480 40 106.313345 63 98.567414 39 94.644059 58 80.954769 38 67.847880 1 54.274556 18 32.094308 10 25.482823 44 22.553433 14 22.354012 9 17.320657 34 9.914309 61 6.998481 3 6.871788 24 6.126976 26 5.283674 43 2.359457 49 2.151726 36 1.901382 19 0.954035 45 0.804471 60 0.576976 21 0.324769 59 0.228549 2 0.099477 66 0.069166 65 0.057407 22 0.037152 64 0.010874 37 0.009907 11 0.009474 30 0.006820 17 0.006096 62 0.002201 35 0.001864 33 0.001758 52 0.001695 56 0.001577 25 0.001524 47 0.001129 32 0.000284 8 0.000163 0 0.000091 28 0.000085 4 0.000057 42 0.000030 55 0.000011 20 0.000002 29 0.000000 51 0.000000 27 0.000000 13 0.000000 12 0.000000 48 0.000000 57 0.000000 53 0.000000 15 0.000000 41 0.000000 23 0.000000 
42
68 4 444.112450 35 350.768283 30 348.631601 20 346.527308 27 335.095186 37 277.757445 56 229.824773 51 208.360562 65 146.900189 0 137.409072 32 128.548309 59 114.492258 60 85.765182 66 77.141875 21 56.841002 57 46.980218 13 45.151767 45 34.041775 55 22.104609 64 17.967936 19 16.202607 24 15.482399 36 14.704591 48 12.031859 12 10.274349 3 9.044570 15 8.698185 18 6.045508 14 5.662132 8 5.521835 29 3.823287 23 3.161329 63 0.830069 53 0.731462 9 0.447239 17 0.250922 44 0.224812 28 0.147206 38 0.111435 25 0.063687 16 0.049533 5 0.027402 52 0.024414 22 0.010736 39 0.010687 11 0.008447 6 0.006582 58 0.002311 47 0.002269 62 0.000637 46 0.000349 49 0.000220 50 0.000191 2 0.000045 41 0.000030 26 0.000027 40 0.000005 54 0.000005 1 0.000001 67 0.000001 43 0.000000 31 0.000000 7 0.000000 10 0.000000 34 0.000000 61 0.000000 33 0.000000 42 0.000000 
43
68 26 267.797781 10 261.522909 1 227.616349 40 181.038032 34 163.445199 61 160.665918 62 112.129926 67 82.331685 33 73.948682 49 69.837037 50 66.098874 47 49.468701 31 37.877906 58 21.826041 2 17.534842 7 15.354441 39 14.906321 22 8.348523 11 7.031753 52 4.133767 9 3.519348 25 3.254860 17 2.731700 5 2.692952 41 2.359457 54 2.134722 44 1.944009 28 1.542156 46 1.317968 19 1.069472 8 0.812590 45 0.793990 6 0.506329 66 0.400944 37 0.324040 53 0.272785 16 0.165293 55 0.132220 35 0.074831 3 0.037092 18 0.021958 21 0.021941 63 0.021539 36 0.020449 13 0.012917 14 0.004032 38 0.001062 60 0.000908 64 0.000769 24 0.000671 59 0.000049 30 0.000014 0 0.000004 65 0.000002 32 0.000002 42 0.000000 4 0.000000 56 0.000000 20 0.000000 27 0.000000 57 0.000000 51 0.000000 29 0.000000 48 0.000000 12 0.000000 15 0.000000 23 0.000000 43 0.000000 
44
68 39 660.284794 3 408.508669 9 376.520239 58 318.906716 5 304.355985 45 222.505983 19 204.711232 18 175.220099 50 142.141699 16 101.759756 49 90.625065 6 87.342824 63 72.334693 40 71.296014 22 67.867908 66 62.895404 60 60.261081 14 55.270350 46 46.972201 24 33.742297 26 32.938309 2 26.112218 41 22.553433 64 22.321465 17 21.800064 1 18.956063 36 14.329783 59 12.179914 38 10.799457 67 10.736881 54 8.961646 10 6.833825 21 6.507458 37 6.431670 35 5.705447 31 4.742852 30 4.412978 52 2.821697 25 2.793655 7 2.230641 65 2.037835 43 1.944009 11 1.595824 8 1.491435 28 1.424051 61 1.165991 34 0.846046 32 0.834012 56 0.406815 0 0.301569 53 0.233689 42 0.224812 47 0.148158 55 0.097516 4 0.095384 62 0.024002 29 0.016248 27 0.006544 20 0.006389 33 0.004123 13 0.003041 12 0.002657 51 0.001217 48 0.000963 57 0.000687 15 0.000185 23 0.000000 44 0.000000 
45
68 3 699.794590 60 635.041040 19 461.774882 66 432.655846 37 299.498585 18 272.099827 64 268.946515 9 252.929647 59 228.376642 44 222.505983 35 210.751580 30 196.594438 24 140.764386 14 121.201434 21 90.428935 36 75.622344 65 73.210446 32 58.809477 63 55.816157 17 41.243792 58 40.246205 8 36.976091 39 35.374474 5 35.366894 42 34.041775 56 31.764483 0 28.685792 16 23.950478 4 19.319031 55 12.592365 6 11.430233 22 8.625389 38 6.567526 53 4.437939 40 3.650830 13 3.441473 27 3.385065 46 2.921710 20 2.686783 50 2.099215 49 2.014454 29 1.922181 28 1.847758 25 0.984744 51 0.878629 57 0.832992 41 0.804471 43 0.793990 26 0.751288 2 0.631255 10 0.529716 48 0.452894 12 0.421509 54 0.401535 7 0.361167 52 0.193498 61 0.156262 1 0.125991 11 0.067118 67 0.043575 15 0.032372 31 0.026605 23 0.002934 34 0.002080 47 0.000579 62 0.000130 33 0.000000 45 0.000000 
46
68 6 751.935757 41 637.675877 54 567.901340 16 559.925762 5 530.244447 50 223.426033 63 209.016974 67 161.145000 39 153.734787 31 153.240297 38 151.959115 7 141.841072 58 121.267132 40 91.059201 18 82.525784 14 62.614792 44 46.972201 1 44.588747 9 44.519836 3 22.504834 24 20.094395 10 14.292407 36 7.322343 34 5.173420 26 5.123000 19 4.115859 61 3.033784 45 2.921710 49 2.885438 60 2.495173 21 1.514887 43 1.317968 59 1.032468 66 0.410443 65 0.216374 2 0.123051 22 0.067832 37 0.053349 30 0.046303 64 0.032382 17 0.018459 35 0.014363 56 0.011899 11 0.009018 25 0.003530 32 0.001903 8 0.000983 62 0.000855 28 0.000646 52 0.000642 0 0.000629 4 0.000573 33 0.000471 47 0.000463 42 0.000349 55 0.000096 53 0.000046 20 0.000024 27 0.000003 51 0.000003 29 0.000001 13 0.000001 48 0.000000 12 0.000000 57 0.000000 15 0.000000 23 0.000000 46 0.000000 
47
68 11 457.481814 62 327.066623 52 195.632778 2 168.980417 33 151.677871 49 133.296689 26 125.004392 25 107.765008 28 59.035645 43 49.468701 53 15.492329 10 13.067426 22 9.746837 40 7.768065 61 7.325989 1 4.569646 29 3.229102 50 1.809865 58 1.784169 48 1.540234 34 1.445718 12 1.409966 17 0.968655 39 0.713263 15 0.327550 8 0.298673 67 0.285159 44 0.148158 19 0.128881 31 0.077982 23 0.051099 55 0.036385 9 0.034531 7 0.023798 42 0.002269 54 0.001968 5 0.001870 41 0.001129 45 0.000579 64 0.000551 46 0.000463 6 0.000051 3 0.000034 16 0.000007 66 0.000001 18 0.000000 63 0.000000 60 0.000000 35 0.000000 38 0.000000 14 0.000000 24 0.000000 36 0.000000 37 0.000000 32 0.000000 13 0.000000 59 0.000000 30 0.000000 21 0.000000 0 0.000000 65 0.000000 57 0.000000 4 0.000000 56 0.000000 27 0.000000 20 0.000000 51 0.000000 47 0.000000 
48
68 29 284.428031 55 229.747542 13 180.265357 57 108.345067 15 100.142927 53 97.154366 23 56.650550 8 49.061320 28 44.452280 25 25.181486 0 12.124154 42 12.031859 35 11.239944 52 9.877900 64 6.193969 32 5.755716 11 4.338304 37 2.760296 27 2.671615 66 2.601316 30 1.653061 47 1.540234 17 1.085178 4 0.762216 45 0.452894 62 0.374067 19 0.269082 60 0.161871 20 0.120779 33 0.082756 56 0.063107 59 0.046157 65 0.035935 51 0.031442 3 0.017171 21 0.012744 9 0.007339 24 0.004199 22 0.002908 12 0.002683 36 0.001903 14 0.001661 44 0.000963 18 0.000532 39 0.000039 38 0.000007 63 0.000006 5 0.000004 16 0.000001 40 0.000001 6 0.000000 46 0.000000 2 0.000000 58 0.000000 49 0.000000 41 0.000000 54 0.000000 7 0.000000 50 0.000000 26 0.000000 1 0.000000 10 0.000000 43 0.000000 67 0.000000 61 0.000000 31 0.000000 34 0.000000 48 0.000000 
49
68 26 568.005369 2 559.794303 11 196.313262 58 195.462018 39 183.781313 22 135.626843 47 133.296689 50 128.717715 40 117.711307 44 90.625065 1 84.659568 52 83.046649 43 69.837037 9 42.327414 10 38.389369 62 28.577407 67 20.912357 5 16.645632 25 14.985346 61 9.948072 34 8.577293 31 6.967937 17 3.989133 3 3.546718 19 2.988707 46 2.885438 6 2.469204 7 2.371661 41 2.151726 45 2.014454 33 1.826443 28 1.670639 16 1.449455 54 1.331382 18 0.853350 66 0.533968 63 0.400119 37 0.209971 64 0.202715 14 0.161329 60 0.118672 21 0.116680 8 0.104623 24 0.088750 35 0.074016 53 0.053680 38 0.043158 36 0.037980 13 0.028082 59 0.026675 55 0.006884 65 0.006266 30 0.004711 29 0.002353 32 0.001689 0 0.001171 42 0.000220 12 0.000095 4 0.000086 56 0.000082 57 0.000008 20 0.000006 15 0.000002 27 0.000001 51 0.000000 48 0.000000 23 0.000000 49 0.000000 
50
68 39 600.790728 1 572.085054 67 482.524570 58 359.855777 5 343.228940 40 320.965984 26 226.598580 31 225.778752 46 223.426033 41 198.846480 6 162.685191 44 142.141699 49 128.717715 10 126.546256 54 119.048942 7 105.528717 16 85.331173 9 81.087828 43 66.098874 34 58.260323 61 31.966242 63 15.994865 3 12.711306 2 11.629813 18 11.163728 38 5.404463 19 3.952732 14 3.868598 22 2.791070 45 2.099215 47 1.809865 11 1.575878 62 1.335840 24 1.228413 60 0.486201 33 0.466698 36 0.461647 66 0.368712 52 0.285724 17 0.284538 25 0.171090 64 0.143985 21 0.088725 59 0.062169 28 0.016492 37 0.012908 35 0.011239 8 0.010915 65 0.009685 30 0.009406 55 0.000878 56 0.000676 32 0.000670 0 0.000200 42 0.000191 4 0.000108 29 0.000033 20 0.000005 12 0.000002 53 0.000002 13 0.000001 27 0.000001 51 0.000000 57 0.000000 15 0.000000 48 0.000000 23 0.000000 50 0.000000 
51
68 20 400.741769 27 342.434117 4 310.434875 42 208.360562 56 162.868646 65 58.738261 30 56.543408 35 36.358086 37 32.143261 59 21.242894 21 14.366439 32 13.139730 0 8.619010 60 5.604133 66 3.135504 36 2.433675 13 1.781541 24 1.738446 57 1.280966 45 0.878629 19 0.871839 55 0.639565 14 0.513866 18 0.279905 64 0.262444 3 0.205990 15 0.136814 12 0.062725 8 0.059078 9 0.057566 23 0.055815 63 0.050270 48 0.031442 29 0.021947 38 0.009888 16 0.001242 44 0.001217 17 0.000847 53 0.000755 5 0.000263 6 0.000093 28 0.000030 39 0.000028 58 0.000012 22 0.000005 46 0.000003 25 0.000002 50 0.000000 41 0.000000 52 0.000000 2 0.000000 49 0.000000 54 0.000000 40 0.000000 26 0.000000 11 0.000000 1 0.000000 67 0.000000 31 0.000000 7 0.000000 10 0.000000 43 0.000000 34 0.000000 61 0.000000 47 0.000000 62 0.000000 33 0.000000 51 0.000000 
52
68 25 597.813714 11 557.867748 2 390.884483 22 386.049023 28 270.056257 47 195.632778 49 83.046649 62 82.638831 53 60.477875 33 58.239978 17 52.531462 29 15.499387 26 11.741827 48 9.877900 12 8.002197 43 4.133767 44 2.821697 40 2.736161 10 2.720257 15 2.710244 58 2.622165 8 2.392001 9 1.804929 61 1.677865 39 1.534582 19 0.986828 23 0.639101 55 0.448677 50 0.285724 37 0.274989 64 0.239041 45 0.193498 3 0.097963 35 0.096678 5 0.089942 13 0.085264 1 0.070263 67 0.025809 42 0.024414 66 0.022180 60 0.008928 18 0.008248 0 0.005279 31 0.005094 6 0.003321 41 0.001695 63 0.001604 7 0.001355 30 0.000706 46 0.000642 59 0.000565 24 0.000439 16 0.000424 34 0.000318 57 0.000173 54 0.000168 14 0.000062 65 0.000030 32 0.000021 4 0.000019 56 0.000003 38 0.000002 36 0.000001 20 0.000001 27 0.000000 51 0.000000 21 0.000000 52 0.000000 
53
68 28 396.517908 8 387.664834 29 283.607173 17 274.629849 25 160.397356 48 97.154366 55 82.824409 12 72.193047 64 60.551574 52 60.477875 11 29.951189 15 28.646826 23 17.911971 47 15.492329 22 13.845064 13 10.795503 66 6.021959 62 5.416835 19 4.752594 45 4.437939 35 3.063063 33 1.990632 57 1.602580 37 1.232372 9 0.779303 42 0.731462 0 0.637409 3 0.411663 43 0.272785 2 0.255749 44 0.233689 26 0.226121 60 0.205871 30 0.199727 32 0.162162 10 0.102418 40 0.095964 49 0.053680 61 0.033767 39 0.027779 4 0.026976 59 0.020754 27 0.019737 18 0.014025 24 0.010056 65 0.009018 58 0.006260 21 0.005267 14 0.004569 20 0.002583 5 0.002262 56 0.002213 36 0.001471 51 0.000755 46 0.000046 38 0.000037 50 0.000002 63 0.000002 16 0.000001 6 0.000000 1 0.000000 41 0.000000 67 0.000000 54 0.000000 31 0.000000 7 0.000000 34 0.000000 53 0.000000 
54
68 46 567.901340 41 403.254253 7 371.085624 6 347.489118 31 306.810901 67 211.752315 16 201.905267 5 189.939231 50 119.048942 40 74.398547 63 51.706257 39 46.288244 38 45.164656 58 41.629317 1 34.950907 10 23.484744 18 14.706454 14 10.416702 44 8.961646 61 8.070132 9 7.773831 34 7.503715 26 3.230078 3 2.775567 24 2.752781 43 2.134722 49 1.331382 36 0.969098 60 0.607947 19 0.587236 45 0.401535 66 0.375850 21 0.300382 59 0.069326 37 0.062549 35 0.050965 2 0.036064 32 0.031773 65 0.027502 22 0.011855 11 0.002695 64 0.002535 62 0.002051 47 0.001968 33 0.001954 17 0.001445 30 0.001393 13 0.000855 25 0.000466 56 0.000301 52 0.000168 8 0.000035 28 0.000019 0 0.000016 4 0.000010 42 0.000005 55 0.000002 20 0.000000 29 0.000000 51 0.000000 27 0.000000 12 0.000000 48 0.000000 57 0.000000 53 0.000000 15 0.000000 54 0.000000 23 0.000000 
55
68 29 315.386919 13 260.955383 8 237.814504 48 229.747542 12 185.698412 57 89.271167 53 82.824409 64 66.889364 35 63.923567 0 57.390375 32 37.583782 66 37.141113 37 32.060052 42 22.104609 17 21.953808 15 19.331707 19 12.931386 45 12.592365 30 9.726704 28 5.718654 4 4.689494 60 3.439846 27 3.417779 20 1.582334 59 1.218332 25 1.199720 3 1.126705 9 1.120867 22 1.050812 65 0.848166 56 0.672798 51 0.639565 52 0.448677 58 0.433080 21 0.399112 23 0.326052 36 0.237692 40 0.212424 18 0.203656 24 0.189302 43 0.132220 26 0.123206 11 0.101857 44 0.097516 14 0.096506 10 0.039394 47 0.036385 63 0.023325 39 0.017641 62 0.013098 5 0.009617 33 0.008628 61 0.007422 49 0.006884 7 0.004636 2 0.004439 16 0.004323 38 0.001056 6 0.000974 50 0.000878 31 0.000142 46 0.000096 1 0.000018 41 0.000011 54 0.000002 67 0.000001 34 0.000000 55 0.000000 
56
68 65 620.149684 30 469.247940 59 467.402205 4 447.187161 21 419.704554 20 265.983635 37 241.145613 42 229.824773 36 194.436500 60 194.002765 35 183.793507 51 162.868646 24 150.314312 27 100.140817 14 62.293364 66 61.302151 18 38.415595 32 31.770575 45 31.764483 19 25.647170 0 21.426695 3 20.880434 63 13.824115 38 5.951626 64 2.516895 9 1.147400 16 1.038985 13 0.915396 55 0.672798 57 0.542286 44 0.406815 5 0.243147 8 0.240891 6 0.175308 48 0.063107 12 0.061571 39 0.030255 15 0.029163 29 0.024993 1 0.021236 17 0.020430 58 0.012237 46 0.011899 23 0.004025 53 0.002213 41 0.001577 22 0.001169 50 0.000676 28 0.000512 54 0.000301 49 0.000082 40 0.000048 25 0.000046 2 0.000027 26 0.000011 67 0.000008 52 0.000003 31 0.000001 7 0.000001 11 0.000001 43 0.000000 10 0.000000 34 0.000000 61 0.000000 47 0.000000 62 0.000000 33 0.000000 56 0.000000 
57
68 13 268.726116 15 121.304051 12 116.170434 48 108.345067 55 89.271167 42 46.980218 0 38.055520 23 31.788618 29 24.876595 35 18.177185 27 17.037146 32 14.573197 8 6.514203 4 6.022819 37 5.910984 30 5.147358 20 2.701700 66 2.174431 53 1.602580 64 1.550584 51 1.280966 45 0.832992 60 0.670203 56 0.542286 65 0.300396 59 0.271083 19 0.249432 17 0.241647 21 0.069084 3 0.059309 28 0.048348 24 0.017898 36 0.013651 18 0.008934 22 0.005223 25 0.004716 14 0.003778 9 0.001854 44 0.000687 63 0.000299 52 0.000173 2 0.000035 39 0.000032 11 0.000010 49 0.000008 58 0.000008 16 0.000007 5 0.000007 38 0.000006 6 0.000001 26 0.000000 50 0.000000 46 0.000000 40 0.000000 41 0.000000 67 0.000000 54 0.000000 31 0.000000 34 0.000000 10 0.000000 1 0.000000 43 0.000000 7 0.000000 61 0.000000 47 0.000000 62 0.000000 33 0.000000 57 0.000000 
58
68 39 397.747426 50 359.855777 9 327.311885 44 318.906716 5 289.996490 40 271.528097 49 195.462018 26 147.410460 6 136.698999 1 136.314561 46 121.267132 16 106.923948 67 85.249949 3 84.272487 41 80.954769 18 60.776067 63 45.878173 2 45.374218 54 41.629317 45 40.246205 31 37.215481 10 35.682423 19 34.458426 22 28.047142 14 21.950255 43 21.826041 7 19.354920 34 15.552872 60 9.864925 38 9.668269 24 9.225563 66 8.037291 61 7.900201 64 7.465804 11 4.380313 17 3.476721 37 3.104480 36 2.684347 52 2.622165 47 1.784169 59 1.542933 21 1.505676 35 1.439466 25 1.366778 8 1.115347 32 0.487665 55 0.433080 62 0.377880 30 0.307523 28 0.223792 13 0.117982 65 0.112978 0 0.043337 33 0.026726 56 0.012237 53 0.006260 4 0.003920 42 0.002311 29 0.000506 20 0.000098 12 0.000063 27 0.000014 51 0.000012 57 0.000008 15 0.000002 48 0.000000 23 0.000000 58 0.000000 
59
68 21 761.012589 60 755.133001 65 740.760754 24 628.313532 30 613.237557 36 560.241120 56 467.402205 37 441.234721 14 393.304559 18 334.814081 35 271.053162 66 271.042044 3 253.293302 45 228.376642 19 190.015842 4 170.770893 63 135.592679 42 114.492258 38 53.475907 32 53.187434 20 46.721514 9 29.561884 0 26.643597 27 24.281823 16 23.912962 51 21.242894 44 12.179914 64 9.881263 5 8.346259 6 7.178863 39 1.616225 58 1.542933 8 1.301139 55 1.218332 46 1.032468 13 0.718696 17 0.477871 57 0.271083 41 0.228549 29 0.070780 54 0.069326 22 0.062565 50 0.062169 12 0.048401 48 0.046157 40 0.029961 49 0.026675 53 0.020754 15 0.015186 1 0.011618 28 0.010767 25 0.007180 2 0.003139 31 0.002396 26 0.002144 7 0.001136 67 0.001120 34 0.000667 52 0.000565 23 0.000246 10 0.000224 11 0.000158 43 0.000049 61 0.000010 47 0.000000 62 0.000000 33 0.000000 59 0.000000 
60
68 59 755.133001 45 635.041040 3 595.171009 30 556.553553 37 550.575972 66 540.356994 24 490.862657 18 467.879265 21 459.778889 65 386.471207 19 383.216155 36 351.575880 14 349.891092 35 329.675380 56 194.002765 63 144.638838 9 115.656587 32 110.330979 42 85.765182 4 80.568995 64 64.807628 44 60.261081 0 48.164649 16 38.855879 38 36.583116 5 24.300567 20 15.111945 6 14.275236 27 10.205173 58 9.864925 39 9.429544 51 5.604133 8 5.428552 17 3.447622 55 3.439846 46 2.495173 13 1.392579 40 0.687335 57 0.670203 54 0.607947 22 0.585288 41 0.576976 50 0.486201 29 0.343056 53 0.205871 48 0.161871 12 0.146848 49 0.118672 7 0.105901 28 0.094164 31 0.081528 25 0.067721 2 0.040878 26 0.030118 15 0.028590 1 0.012208 67 0.010257 52 0.008928 23 0.003816 10 0.002873 11 0.002648 43 0.000908 61 0.000143 34 0.000129 47 0.000000 62 0.000000 33 0.000000 60 0.000000 
61
68 10 331.837392 34 172.292095 43 160.665918 40 101.436334 31 98.737661 67 96.489768 26 73.645935 1 72.854772 7 69.309226 33 50.363431 50 31.966242 62 24.356719 49 9.948072 54 8.070132 58 7.900201 47 7.325989 39 7.279390 41 6.998481 22 4.465573 2 4.376528 46 3.033784 5 2.659623 9 2.122538 11 2.054727 52 1.677865 44 1.165991 25 0.925539 6 0.840544 17 0.424301 16 0.289187 19 0.268052 28 0.156471 45 0.156262 66 0.073905 8 0.072891 38 0.066040 37 0.039432 53 0.033767 63 0.031262 18 0.014088 36 0.009617 3 0.007948 35 0.007941 55 0.007422 21 0.006637 14 0.001786 13 0.000545 64 0.000381 24 0.000235 60 0.000143 59 0.000010 30 0.000000 0 0.000000 32 0.000000 65 0.000000 29 0.000000 56 0.000000 4 0.000000 42 0.000000 12 0.000000 20 0.000000 57 0.000000 51 0.000000 15 0.000000 27 0.000000 48 0.000000 23 0.000000 61 0.000000 
62
68 47 327.066623 33 219.335901 11 144.739410 43 112.129926 52 82.638831 26 74.183286 25 55.654409 10 29.830150 49 28.577407 28 26.369159 61 24.356719 2 18.078748 1 8.461998 40 8.177799 34 7.041479 53 5.416835 50 1.335840 67 1.145400 29 0.946788 22 0.636849 17 0.553239 58 0.377880 48 0.374067 12 0.308117 31 0.301743 39 0.274848 8 0.136909 7 0.083462 15 0.063063 19 0.062785 44 0.024002 55 0.013098 23 0.008296 9 0.006740 5 0.004938 41 0.002201 54 0.002051 46 0.000855 42 0.000637 45 0.000130 16 0.000116 6 0.000089 3 0.000022 18 0.000019 64 0.000015 63 0.000001 24 0.000000 38 0.000000 36 0.000000 65 0.000000 66 0.000000 60 0.000000 14 0.000000 35 0.000000 37 0.000000 59 0.000000 32 0.000000 21 0.000000 30 0.000000 0 0.000000 13 0.000000 56 0.000000 57 0.000000 4 0.000000 27 0.000000 20 0.000000 51 0.000000 62 0.000000 
63
68 14 815.019339 18 754.964357 16 739.358727 24 622.214371 38 588.160139 6 497.096800 5 362.113291 36 361.230264 3 267.194893 46 209.016974 21 195.860173 60 144.638838 59 135.592679 9 107.710570 41 98.567414 19 80.045978 44 72.334693 39 57.574585 65 57.033783 45 55.816157 54 51.706257 58 45.878173 66 30.519535 30 17.346673 50 15.994865 56 13.824115 37 9.557445 40 7.116281 35 6.713427 7 2.057285 67 2.046444 31 2.026574 1 1.238905 4 1.131884 42 0.830069 49 0.400119 32 0.315711 64 0.307073 10 0.292252 26 0.210307 20 0.150457 17 0.141950 22 0.101467 0 0.078699 27 0.065202 8 0.051138 51 0.050270 34 0.044668 61 0.031262 2 0.029286 55 0.023325 43 0.021539 25 0.007023 28 0.002348 11 0.002282 13 0.001658 52 0.001604 57 0.000299 29 0.000270 12 0.000099 15 0.000015 48 0.000006 53 0.000002 62 0.000001 47 0.000000 33 0.000000 63 0.000000 23 0.000000 
64
68 45 268.946515 66 204.090021 8 187.757475 17 145.052833 19 123.430357 35 90.631848 37 81.508428 55 66.889364 60 64.807628 3 61.616237 53 60.551574 9 43.235223 30 34.356208 29 34.269549 32 33.990408 44 22.321465 42 17.967936 0 17.960776 13 11.803047 28 11.099767 59 9.881263 22 9.506121 58 7.465804 48 6.193969 18 4.559618 4 4.054633 65 3.650170 39 2.659265 21 2.645990 56 2.516895 12 2.510270 24 2.157618 25 2.152204 36 1.798540 27 1.728321 57 1.550584 14 1.059875 20 0.650523 5 0.391026 63 0.307073 40 0.305911 51 0.262444 52 0.239041 49 0.202715 16 0.164430 50 0.143985 2 0.122468 6 0.096750 26 0.034865 46 0.032382 38 0.023763 15 0.011038 41 0.010874 11 0.009174 10 0.008476 1 0.007099 54 0.002535 67 0.002404 43 0.000769 31 0.000591 23 0.000580 47 0.000551 61 0.000381 7 0.000263 62 0.000015 33 0.000001 34 0.000000 64 0.000000 
65
68 59 740.760754 21 720.461898 56 620.149684 30 534.138497 36 438.797482 60 386.471207 24 382.010443 37 302.335430 4 280.652716 35 211.431679 14 199.657717 42 146.900189 18 134.911375 66 121.928105 20 112.215624 3 74.853160 45 73.210446 19 62.008759 51 58.738261 63 57.033783 27 45.882695 32 35.984606 38 26.912756 0 21.923208 16 6.416659 9 4.536139 64 3.650170 44 2.037835 5 1.918253 6 1.400961 55 0.848166 13 0.636326 8 0.400439 57 0.300396 39 0.235340 46 0.216374 58 0.112978 17 0.074120 41 0.057407 48 0.035935 54 0.027502 29 0.023956 12 0.020680 15 0.016463 50 0.009685 53 0.009018 22 0.006813 49 0.006266 1 0.003148 7 0.002400 28 0.002242 40 0.001205 25 0.000908 23 0.000715 31 0.000514 26 0.000155 34 0.000133 2 0.000118 67 0.000093 52 0.000030 11 0.000007 10 0.000003 43 0.000002 61 0.000000 62 0.000000 47 0.000000 33 0.000000 65 0.000000 
66
68 60 540.356994 19 476.518845 37 474.784537 35 433.642861 45 432.655846 3 374.164928 30 345.560015 59 271.042044 64 204.090021 32 176.656407 18 154.436729 0 132.868516 24 126.792671 21 124.363038 65 121.928105 9 101.911993 36 84.350196 14 84.138443 42 77.141875 44 62.895404 56 61.302151 8 57.390964 4 52.132143 55 37.141113 63 30.519535 17 29.689072 13 12.472677 5 9.728360 20 9.068694 58 8.037291 16 7.937703 27 7.625702 39 7.391404 53 6.021959 29 5.345464 22 4.348412 38 4.310656 51 3.135504 48 2.601316 6 2.487076 57 2.174431 12 2.018572 28 1.898960 40 1.871762 26 0.841496 49 0.533968 46 0.410443 43 0.400944 10 0.379833 54 0.375850 50 0.368712 25 0.334909 7 0.168942 2 0.125140 15 0.120778 61 0.073905 41 0.069166 31 0.052275 52 0.022180 1 0.010810 11 0.007290 67 0.006402 23 0.005277 34 0.000155 47 0.000001 62 0.000000 33 0.000000 66 0.000000 
67
68 31 646.547321 1 546.228098 50 482.524570 7 424.031317 40 284.802332 10 242.660450 41 240.082459 34 236.308793 54 211.752315 46 161.145000 39 98.528183 61 96.489768 58 85.249949 5 83.397404 43 82.331685 26 77.265243 6 61.566046 16 21.774270 49 20.912357 44 10.736881 9 6.336202 63 2.046444 2 1.360585 38 1.211232 62 1.145400 33 0.977694 18 0.703311 3 0.549294 47 0.285159 11 0.265101 14 0.203487 22 0.163453 19 0.135495 24 0.064672 36 0.058126 45 0.043575 52 0.025809 60 0.010257 17 0.006504 66 0.006402 21 0.005117 64 0.002404 59 0.001120 28 0.000876 25 0.000534 37 0.000112 35 0.000102 65 0.000093 30 0.000087 8 0.000061 56 0.000008 32 0.000002 55 0.000001 0 0.000001 42 0.000001 4 0.000000 29 0.000000 12 0.000000 20 0.000000 13 0.000000 27 0.000000 53 0.000000 51 0.000000 57 0.000000 15 0.000000 48 0.000000 23 0.000000 67 0.000000 
